hospital,tipo_sangre,nombre,email
Cleveland Clinic,AB-,Cozmo,carminger0@ycombinator.com
Mayo Clinic,AB-,Joletta,jfochs1@vkontakte.ru
Cleveland Clinic,A-,Damara,driglesford2@opera.com
John Hopkins Hospital,B-,Graig,gjeandin3@instagram.com
John Hopkins Hospital,AB-,Sigvard,sbrosoli4@bigcartel.com
John Hopkins Hospital,A-,Lindy,ljobin5@house.gov
Mayo Clinic,O+,Colman,cpeirazzi6@desdev.cn
John Hopkins Hospital,A-,Monroe,mfrow7@ucsd.edu
Mayo Clinic,O+,Nial,nkisbee8@acquirethisname.com
Cleveland Clinic,B-,Phebe,pfaires9@digg.com
Cleveland Clinic,O-,Veronike,vbrunsdona@businessinsider.com
John Hopkins Hospital,A-,Lorelei,lpasterfieldb@ehow.com
John Hopkins Hospital,B-,Pooh,pmotionc@tmall.com
Mayo Clinic,O-,Grissel,gfoskind@cam.ac.uk
Cleveland Clinic,B+,Valentine,vdufraye@rediff.com
Cleveland Clinic,A-,Reuben,rkullf@chronoengine.com
Mayo Clinic,AB+,Purcell,ppaolinig@nps.gov
Mayo Clinic,A-,Chlo,cstagh@nba.com
John Hopkins Hospital,AB+,Cathlene,ccordayi@hexun.com
Mayo Clinic,B-,Rheba,rmcgauganj@slashdot.org
Cleveland Clinic,B+,Emile,eosemank@youku.com
John Hopkins Hospital,A-,Wat,wjonahl@facebook.com
Mayo Clinic,A-,Devan,dkenderdinem@ftc.gov
John Hopkins Hospital,O-,Derek,dcallingtonn@mail.ru
John Hopkins Hospital,AB-,Alaine,agirardettio@goo.ne.jp
Mayo Clinic,O-,Orrin,oaiersp@1und1.de
Mayo Clinic,O-,Jada,jfransoniq@wordpress.org
John Hopkins Hospital,O-,Nathalia,nbennetr@imgur.com
Mayo Clinic,B-,Meg,mkellarts@tripadvisor.com
Cleveland Clinic,AB-,Harlin,hfennyt@shutterfly.com
Mayo Clinic,AB-,Kelwin,kdeeringu@icq.com
Mayo Clinic,AB-,Ulrich,unolinv@theglobeandmail.com
Cleveland Clinic,AB+,Meredeth,madsheadw@wikispaces.com
John Hopkins Hospital,A-,Amby,asinnattx@i2i.jp
John Hopkins Hospital,O+,Corinna,cparreny@dyndns.org
Cleveland Clinic,B+,Edgard,ekeynesz@census.gov
Cleveland Clinic,AB-,Morey,mswainsbury10@pcworld.com
Mayo Clinic,B+,Bruno,batkinson11@networksolutions.com
Cleveland Clinic,B+,Kayle,kgronno12@microsoft.com
John Hopkins Hospital,O+,Danya,dgrigoli13@seattletimes.com
Mayo Clinic,B-,Melina,mdog14@addthis.com
Cleveland Clinic,B+,Pattie,pcatto15@imdb.com
John Hopkins Hospital,O-,Joli,jedworthie16@dedecms.com
Mayo Clinic,AB-,Dave,dstevani17@thetimes.co.uk
John Hopkins Hospital,O+,Lorry,lskerrett18@prweb.com
Cleveland Clinic,O+,Bartolemo,blebatteur19@xrea.com
Cleveland Clinic,A+,Gerome,gnotley1a@usa.gov
John Hopkins Hospital,AB-,Ysabel,yjedrych1b@aboutads.info
Mayo Clinic,O-,Hubert,hgipps1c@sciencedaily.com
John Hopkins Hospital,B-,Luis,lmusk1d@bing.com
John Hopkins Hospital,AB+,Regina,rmoreinu1e@vimeo.com
Mayo Clinic,AB-,Kittie,kyes1f@independent.co.uk
Mayo Clinic,B-,Gunar,gstreeting1g@google.ru
John Hopkins Hospital,A-,Joeann,jdemullett1h@zimbio.com
John Hopkins Hospital,O+,Tiphanie,tlebbern1i@wikipedia.org
Mayo Clinic,B+,Bradford,bmccrainor1j@altervista.org
John Hopkins Hospital,O+,Allan,averey1k@wufoo.com
Mayo Clinic,B+,Mina,mcorp1l@house.gov
John Hopkins Hospital,B+,Kaitlin,kdengel1m@infoseek.co.jp
John Hopkins Hospital,O+,Edeline,ejumel1n@geocities.jp
Mayo Clinic,AB+,Neala,njovicic1o@adobe.com
John Hopkins Hospital,AB-,Morganne,mbutchart1p@state.gov
John Hopkins Hospital,B+,Ofilia,onutley1q@sourceforge.net
John Hopkins Hospital,O-,Nicolea,nraye1r@nih.gov
John Hopkins Hospital,AB-,Hendrika,hbrazener1s@shinystat.com
Mayo Clinic,AB-,Idalina,icrimmins1t@fema.gov
Mayo Clinic,B-,Brook,bhasslocher1u@hao123.com
Cleveland Clinic,AB-,Myrwyn,mbanstead1v@mapquest.com
Cleveland Clinic,A+,Alfonso,ajiranek1w@gnu.org
Mayo Clinic,O-,Avrom,amcgeady1x@elpais.com
Cleveland Clinic,A+,Chet,cliverseege1y@g.co
Mayo Clinic,AB-,Vi,vniese1z@etsy.com
Cleveland Clinic,B-,Daryl,dstanner20@friendfeed.com
Mayo Clinic,AB-,Danella,dpatel21@newyorker.com
Mayo Clinic,O+,Elicia,ereader22@arizona.edu
Cleveland Clinic,A-,Aldo,adougliss23@geocities.com
John Hopkins Hospital,A+,Sebastiano,sjaycox24@123-reg.co.uk
Cleveland Clinic,AB-,Hanna,hparrett25@oaic.gov.au
Cleveland Clinic,B-,Clementius,ctrousdale26@hatena.ne.jp
Cleveland Clinic,AB-,Flem,fkilmurry27@blog.com
John Hopkins Hospital,AB-,Janel,jlackey28@bbb.org
John Hopkins Hospital,B-,Charo,cnemchinov29@stanford.edu
John Hopkins Hospital,A+,Dannie,dkyffin2a@oracle.com
Cleveland Clinic,B+,Bax,bfinder2b@reference.com
Cleveland Clinic,B-,Donny,dbarlie2c@friendfeed.com
Mayo Clinic,B-,Arabelle,aandrysiak2d@printfriendly.com
Mayo Clinic,O-,Ivette,ikidgell2e@com.com
Cleveland Clinic,B+,Omar,oparnall2f@gravatar.com
Mayo Clinic,AB-,Dee dee,dskentelbury2g@myspace.com
Cleveland Clinic,AB-,Monti,mkellett2h@mtv.com
Cleveland Clinic,B-,Sheela,sshepton2i@aboutads.info
Cleveland Clinic,O+,Daniel,dsisson2j@prweb.com
Cleveland Clinic,O-,Allyce,atuffell2k@hao123.com
Mayo Clinic,AB-,Osmond,oboardman2l@mac.com
John Hopkins Hospital,AB-,Rosette,rsoule2m@myspace.com
Mayo Clinic,B+,Alvan,alegassick2n@mit.edu
Cleveland Clinic,B+,Antonietta,aalekseev2o@newyorker.com
John Hopkins Hospital,AB-,Oralle,odibartolommeo2p@scribd.com
Cleveland Clinic,O-,Gal,geitter2q@360.cn
Cleveland Clinic,O+,Coraline,ckeslake2r@si.edu
Mayo Clinic,AB+,Florri,fiacofo2s@wufoo.com
Cleveland Clinic,AB+,Sarge,sdarch2t@i2i.jp
Cleveland Clinic,A-,Lexine,lharse2u@reuters.com
John Hopkins Hospital,B+,Irving,ipoyser2v@dmoz.org
John Hopkins Hospital,O+,Johny,jdurrant2w@simplemachines.org
John Hopkins Hospital,AB-,Brigida,btresvina2x@samsung.com
John Hopkins Hospital,B+,Darci,drosi2y@so-net.ne.jp
Mayo Clinic,A+,Peggi,pbelshaw2z@alexa.com
Mayo Clinic,A-,Dorisa,dsauniere30@simplemachines.org
John Hopkins Hospital,B-,Bev,bmunroe31@independent.co.uk
Mayo Clinic,AB-,Liane,lroots32@wiley.com
Cleveland Clinic,A-,Dallas,dmeys33@gnu.org
Mayo Clinic,B-,Daune,deadmeads34@blinklist.com
Mayo Clinic,AB-,Maudie,mtuddenham35@surveymonkey.com
Mayo Clinic,O-,Jonie,jgrandisson36@discovery.com
John Hopkins Hospital,A-,Lyndsie,lwarlock37@unc.edu
Cleveland Clinic,B-,Bradney,bklamp38@people.com.cn
Mayo Clinic,AB+,Jessee,jbonwell39@nhs.uk
Cleveland Clinic,O-,Zerk,zmcguffie3a@wsj.com
Mayo Clinic,B-,Cynthea,cpeeter3b@topsy.com
Cleveland Clinic,O-,Carmine,crealph3c@paypal.com
Mayo Clinic,A+,Akim,astanistreet3d@ow.ly
John Hopkins Hospital,O-,Nikos,nennew3e@bigcartel.com
Cleveland Clinic,A-,Dniren,dbatchelar3f@hud.gov
Mayo Clinic,O-,Erin,ebushrod3g@upenn.edu
John Hopkins Hospital,O+,Monro,mcattermoul3h@ucoz.com
Cleveland Clinic,O-,Phineas,pchitter3i@elegantthemes.com
Cleveland Clinic,AB+,Joyce,jmatiasek3j@pbs.org
John Hopkins Hospital,O+,Enrichetta,emctrustrie3k@unesco.org
John Hopkins Hospital,B-,Iggy,iebben3l@scientificamerican.com
John Hopkins Hospital,O+,Chevalier,cferenczi3m@marketwatch.com
Mayo Clinic,A+,Randie,rgiordano3n@surveymonkey.com
Mayo Clinic,AB-,Hi,hdipietro3o@trellian.com
John Hopkins Hospital,B+,Evaleen,etankus3p@bloglines.com
Mayo Clinic,O+,Gasparo,gyearby3q@diigo.com
John Hopkins Hospital,A-,Carlin,ckingsworth3r@ocn.ne.jp
Cleveland Clinic,B-,Masha,mwhitcombe3s@weibo.com
John Hopkins Hospital,A+,Merralee,mkauschke3t@state.gov
John Hopkins Hospital,AB-,Ki,klarkby3u@privacy.gov.au
Cleveland Clinic,A+,Kit,kfowgies3v@spotify.com
Cleveland Clinic,AB+,Nedda,nperot3w@ocn.ne.jp
Mayo Clinic,O-,Stanton,sduignan3x@uiuc.edu
Mayo Clinic,O-,Cary,chowgill3y@gravatar.com
Cleveland Clinic,B+,Magdalene,moconcannon3z@yale.edu
Mayo Clinic,B+,Morty,mlean40@hc360.com
John Hopkins Hospital,A-,Carrie,cmottley41@feedburner.com
Mayo Clinic,O-,Jo ann,jahrenius42@usatoday.com
John Hopkins Hospital,A-,Iosep,itschersich43@1und1.de
Mayo Clinic,B-,Andeee,amustoo44@walmart.com
Cleveland Clinic,AB+,Parsifal,pollerhead45@blogs.com
Mayo Clinic,A+,Laverne,lpele46@msu.edu
Mayo Clinic,B-,Moll,mkochl47@opensource.org
Cleveland Clinic,AB+,George,gmcclaughlin48@census.gov
John Hopkins Hospital,AB-,Kerri,kgomes49@squarespace.com
Mayo Clinic,O+,Jesse,jritson4a@issuu.com
John Hopkins Hospital,B-,Nester,ndillow4b@addthis.com
John Hopkins Hospital,A-,Yvette,ygumbley4c@taobao.com
John Hopkins Hospital,AB-,Huntley,hwylie4d@freewebs.com
Cleveland Clinic,O+,Sanders,sarchbold4e@businesswire.com
John Hopkins Hospital,A+,Frederigo,fcalyton4f@auda.org.au
Cleveland Clinic,B+,Annabella,adufray4g@mail.ru
Cleveland Clinic,A+,Vinnie,vhalstead4h@tripod.com
John Hopkins Hospital,B-,Nicolis,nwarlowe4i@i2i.jp
Mayo Clinic,B-,Loydie,lgribbins4j@engadget.com
John Hopkins Hospital,B+,Shell,snarramor4k@opensource.org
Mayo Clinic,O+,Natale,ntaunton4l@redcross.org
Cleveland Clinic,B-,Paulie,psilson4m@godaddy.com
Mayo Clinic,AB+,Ailis,aeyden4n@ehow.com
John Hopkins Hospital,O-,Udale,ucurrao4o@amazon.co.uk
John Hopkins Hospital,O+,Pete,ppackwood4p@irs.gov
Cleveland Clinic,A+,Avie,apechan4q@tuttocitta.it
John Hopkins Hospital,AB+,Suzi,skeay4r@seattletimes.com
Cleveland Clinic,A-,Ann-marie,abarnett4s@yale.edu
Cleveland Clinic,AB+,Delano,dklemps4t@weather.com
Cleveland Clinic,AB+,Simone,sfearenside4u@networkadvertising.org
John Hopkins Hospital,A+,Corrie,cjosuweit4v@paginegialle.it
John Hopkins Hospital,B-,Betty,bbreeds4w@ustream.tv
John Hopkins Hospital,A+,Olenka,ostollsteimer4x@globo.com
John Hopkins Hospital,AB+,Gayle,gstoffers4y@princeton.edu
Mayo Clinic,A-,Mirilla,mmclinden4z@earthlink.net
Cleveland Clinic,A+,D'arcy,dhurnell50@va.gov
Cleveland Clinic,O+,Wilton,wkettlewell51@dailymotion.com
Cleveland Clinic,B+,Jacintha,jtroctor52@hhs.gov
Mayo Clinic,A+,Meghan,mcristofor53@smugmug.com
John Hopkins Hospital,O+,Krystyna,kperree54@mashable.com
Mayo Clinic,A+,Lazar,lduthie55@howstuffworks.com
Mayo Clinic,A-,Jacky,jtutin56@mediafire.com
Cleveland Clinic,AB+,Conrad,clarkins57@ft.com
Cleveland Clinic,A+,Oona,obreukelman58@odnoklassniki.ru
John Hopkins Hospital,A+,Karin,kbarlee59@phoca.cz
Mayo Clinic,AB+,Justin,jpennigar5a@pen.io
Mayo Clinic,O-,Morna,mhaddacks5b@bigcartel.com
Cleveland Clinic,B+,Lorianne,lbeckhurst5c@opera.com
Cleveland Clinic,A+,Aliza,adearnly5d@time.com
John Hopkins Hospital,B+,Lucy,linglese5e@facebook.com
John Hopkins Hospital,A+,Margery,mpostill5f@360.cn
Mayo Clinic,AB+,Monika,mbuist5g@google.pl
John Hopkins Hospital,B-,Ax,abulmer5h@wix.com
John Hopkins Hospital,AB-,Starla,sgergus5i@instagram.com
Cleveland Clinic,O+,Burty,bkilgannon5j@ow.ly
Cleveland Clinic,AB-,Whit,waugust5k@etsy.com
Cleveland Clinic,AB-,Darrin,daugar5l@nature.com
John Hopkins Hospital,AB+,Avrom,abothram5m@webnode.com
Mayo Clinic,O-,Vivien,vcandwell5n@nytimes.com
John Hopkins Hospital,A-,Sherwin,sshenton5o@army.mil
Mayo Clinic,O+,Thatcher,tambrogi5p@buzzfeed.com
John Hopkins Hospital,A+,Corilla,cdrivers5q@addthis.com
John Hopkins Hospital,O-,Garey,gheugle5r@bizjournals.com
Cleveland Clinic,B-,Mel,mrenny5s@uol.com.br
Cleveland Clinic,B+,Binky,bbalk5t@upenn.edu
John Hopkins Hospital,O+,Betty,bjermyn5u@purevolume.com
Mayo Clinic,A-,Brion,bburgisi5v@linkedin.com
Mayo Clinic,A+,Dermot,dairdrie5w@instagram.com
John Hopkins Hospital,B+,Denyse,ddalesio5x@csmonitor.com
John Hopkins Hospital,AB-,Annmarie,akarby5y@slate.com
Mayo Clinic,O-,Erie,ewoollam5z@github.com
Cleveland Clinic,O-,Jenilee,jklauer60@scientificamerican.com
John Hopkins Hospital,A+,Queenie,qribbens61@unc.edu
John Hopkins Hospital,B+,Hanny,hrodell62@indiegogo.com
Mayo Clinic,O-,Gabriello,ganglim63@wikipedia.org
Cleveland Clinic,B+,Ertha,eashlee64@theatlantic.com
Mayo Clinic,O-,Starr,scharte65@histats.com
Cleveland Clinic,O-,Dell,dwhittlesey66@studiopress.com
Mayo Clinic,AB-,Pennie,preims67@addthis.com
Mayo Clinic,AB-,Lev,lklemps68@nih.gov
Cleveland Clinic,B+,Almira,afewster69@vistaprint.com
John Hopkins Hospital,B+,Lamont,lbrunelleschi6a@fotki.com
Mayo Clinic,AB-,Dyana,dinston6b@nih.gov
Mayo Clinic,AB+,Donavon,dmettricke6c@sfgate.com
Mayo Clinic,B-,Joyann,jreide6d@infoseek.co.jp
John Hopkins Hospital,B-,Edie,ebanghe6e@vinaora.com
John Hopkins Hospital,O+,Leslie,lstquintin6f@tiny.cc
Cleveland Clinic,B-,Alica,afrisby6g@europa.eu
John Hopkins Hospital,A-,Wrennie,wmccombe6h@multiply.com
John Hopkins Hospital,B-,Derron,dwaleran6i@smh.com.au
John Hopkins Hospital,O+,Brewster,bsauvain6j@google.it
John Hopkins Hospital,A+,Carny,cbroader6k@hexun.com
Mayo Clinic,AB+,Salli,sgiorgeschi6l@technorati.com
Cleveland Clinic,O-,Fenelia,fmcswan6m@rakuten.co.jp
Cleveland Clinic,A-,Odo,osandhill6n@tripod.com
John Hopkins Hospital,O+,Normy,nwhapple6o@mediafire.com
John Hopkins Hospital,A-,Ebonee,ethynne6p@oakley.com
John Hopkins Hospital,B+,Kaleena,kklemke6q@unblog.fr
Mayo Clinic,B-,Shem,stalboy6r@wunderground.com
Cleveland Clinic,A-,Beau,bfrango6s@woothemes.com
Mayo Clinic,O-,Carlita,csharply6t@opensource.org
John Hopkins Hospital,A-,Pincas,ptaggart6u@usa.gov
John Hopkins Hospital,A-,Wiley,walben6v@symantec.com
Mayo Clinic,O-,Maura,mdionisio6w@aboutads.info
John Hopkins Hospital,AB+,Duffy,dmcilwrath6x@ucoz.ru
John Hopkins Hospital,O-,Ardene,awagen6y@youku.com
John Hopkins Hospital,A+,Barnaby,bcarbin6z@walmart.com
Cleveland Clinic,AB+,Brandais,bstanbra70@google.com.au
Cleveland Clinic,O+,Rycca,rtixier71@yale.edu
Mayo Clinic,A+,Willi,wthornborrow72@dyndns.org
Mayo Clinic,AB-,Cad,coehm73@etsy.com
Cleveland Clinic,B+,Kacy,kthyer74@theatlantic.com
Cleveland Clinic,AB-,Kimberli,kelphee75@tinyurl.com
Mayo Clinic,A+,Paten,parro76@constantcontact.com
Cleveland Clinic,O+,Colene,cbruyntjes77@hubpages.com
Cleveland Clinic,A+,Tedd,tbenard78@dagondesign.com
Cleveland Clinic,B+,Irvin,iauchterlony79@xing.com
Mayo Clinic,A-,Fabe,fmcelwee7a@nih.gov
Cleveland Clinic,B-,Ophelia,ofevier7b@reddit.com
John Hopkins Hospital,AB+,Joshuah,jbackshell7c@merriam-webster.com
Mayo Clinic,A+,Madalyn,mpestridge7d@umn.edu
Cleveland Clinic,AB+,Merl,mmaddox7e@sourceforge.net
Mayo Clinic,B+,Ilene,imccaughey7f@foxnews.com
John Hopkins Hospital,B-,Bessie,bgeater7g@t.co
Mayo Clinic,A-,Karalee,koldcote7h@cafepress.com
Mayo Clinic,A-,Clareta,cendon7i@narod.ru
Cleveland Clinic,A-,Sal,saime7j@hexun.com
Cleveland Clinic,O-,Patrick,pfairey7k@privacy.gov.au
Mayo Clinic,AB+,Stephan,sgodleman7l@boston.com
Mayo Clinic,AB+,Debra,dcopnell7m@trellian.com
John Hopkins Hospital,AB-,Enrique,ebertin7n@uol.com.br
John Hopkins Hospital,O+,Sandy,srizzi7o@studiopress.com
John Hopkins Hospital,AB+,Luce,lduggleby7p@mashable.com
Cleveland Clinic,A+,Fredia,fsepey7q@accuweather.com
Cleveland Clinic,AB-,Cazzie,cmccaughen7r@bing.com
Cleveland Clinic,O-,Tersina,tdance7s@fotki.com
Mayo Clinic,A+,Constance,cfaulks7t@google.com.br
Mayo Clinic,AB+,Matti,moriel7u@friendfeed.com
John Hopkins Hospital,AB-,Flem,ftolputt7v@yale.edu
Mayo Clinic,A-,Tyrus,tmatuszak7w@arstechnica.com
Cleveland Clinic,A-,Baxie,bchapellow7x@techcrunch.com
Mayo Clinic,A-,Evangelina,earnull7y@msn.com
Mayo Clinic,O-,Susan,sbelcham7z@pagesperso-orange.fr
John Hopkins Hospital,B-,Allianora,atallowin80@cargocollective.com
John Hopkins Hospital,A+,Ronda,rleas81@networksolutions.com
Mayo Clinic,B-,Barbra,bespinel82@imgur.com
John Hopkins Hospital,O+,Nelson,nsmeeton83@kickstarter.com
Mayo Clinic,B-,Aguste,abendelow84@free.fr
Cleveland Clinic,B+,Evelin,ecowndley85@npr.org
John Hopkins Hospital,A-,Fina,fbanker86@com.com
John Hopkins Hospital,B+,Boyce,bboyce87@facebook.com
Mayo Clinic,AB-,Giusto,ggosselin88@paypal.com
John Hopkins Hospital,B-,Bennie,bcrusham89@berkeley.edu
Cleveland Clinic,A+,Enrique,ebaumford8a@behance.net
Mayo Clinic,A+,Guthry,gweatherdon8b@pen.io
Cleveland Clinic,A-,Annabal,akrugmann8c@smugmug.com
Mayo Clinic,O-,Ebeneser,eallsop8d@washington.edu
John Hopkins Hospital,O+,Arri,aglewe8e@ucoz.com
John Hopkins Hospital,A+,Duke,drenon8f@loc.gov
Mayo Clinic,O+,Siana,ssherman8g@businessinsider.com
John Hopkins Hospital,A+,Claire,cbridden8h@cafepress.com
John Hopkins Hospital,AB-,Nappy,nbetancourt8i@smugmug.com
Mayo Clinic,AB+,Peder,ppestell8j@hao123.com
Mayo Clinic,AB+,Lyon,lpaschke8k@ucla.edu
John Hopkins Hospital,O+,Easter,elamp8l@123-reg.co.uk
John Hopkins Hospital,O-,Merwyn,mpallis8m@hc360.com
Mayo Clinic,A-,Celia,cverbeke8n@yahoo.co.jp
John Hopkins Hospital,AB+,Sibella,scorain8o@hugedomains.com
John Hopkins Hospital,AB-,Jacquenetta,jweed8p@quantcast.com
Cleveland Clinic,B+,Farrel,fjentgens8q@surveymonkey.com
Cleveland Clinic,AB-,Robinette,rfeldfisher8r@g.co
John Hopkins Hospital,A+,Tera,tscranedge8s@accuweather.com
John Hopkins Hospital,A+,Onofredo,ohymus8t@com.com
Mayo Clinic,A+,Giustina,gmacvey8u@deviantart.com
Mayo Clinic,O-,Bryana,bsulland8v@google.es
Cleveland Clinic,A-,Meara,malenin8w@blogger.com
Cleveland Clinic,O-,Elie,epattingson8x@shop-pro.jp
Cleveland Clinic,O+,Olvan,oallcott8y@behance.net
Cleveland Clinic,O+,Bruce,bjeandillou8z@dmoz.org
John Hopkins Hospital,B+,Danni,dmacleese90@ameblo.jp
Cleveland Clinic,A+,Cthrine,cvinden91@va.gov
Cleveland Clinic,AB-,Mathias,mmcpaike92@i2i.jp
John Hopkins Hospital,O-,Tomas,tcreamer93@infoseek.co.jp
Cleveland Clinic,O+,Saundra,stretwell94@berkeley.edu
Cleveland Clinic,B-,Felice,fpetteford95@a8.net
John Hopkins Hospital,B-,Tony,tmacnaughton96@eepurl.com
Cleveland Clinic,B-,Penrod,peakley97@bandcamp.com
Cleveland Clinic,B+,Shirlene,serat98@europa.eu
John Hopkins Hospital,O-,Elicia,elantaff99@jigsy.com
Mayo Clinic,A-,Shane,sstubbington9a@rakuten.co.jp
Cleveland Clinic,AB-,Lucho,lbootell9b@state.gov
John Hopkins Hospital,A-,Nadia,nkitchingman9c@epa.gov
Cleveland Clinic,O-,Angelia,agregorin9d@sohu.com
Cleveland Clinic,O-,Richy,rdaouse9e@prlog.org
Cleveland Clinic,AB+,Siegfried,sgover9f@msn.com
Cleveland Clinic,O+,Jaclyn,jsmalles9g@sogou.com
John Hopkins Hospital,B-,Laryssa,lramsted9h@pagesperso-orange.fr
Cleveland Clinic,O+,Immanuel,ialekhov9i@dropbox.com
John Hopkins Hospital,B-,Tremain,tcandey9j@zimbio.com
John Hopkins Hospital,O+,Cathie,ctrowel9k@nasa.gov
John Hopkins Hospital,B-,Orran,ofritzer9l@ebay.co.uk
Mayo Clinic,B+,Artemus,agegg9m@businesswire.com
John Hopkins Hospital,AB+,Bancroft,ballonby9n@reverbnation.com
Cleveland Clinic,A+,Ben,bparrot9o@engadget.com
John Hopkins Hospital,A+,Deana,dmccague9p@opera.com
Cleveland Clinic,AB+,Dewie,dstrangwood9q@blogs.com
Mayo Clinic,AB-,Trescha,tblincowe9r@constantcontact.com
John Hopkins Hospital,O+,Nicole,nlebourn9s@nhs.uk
Cleveland Clinic,O+,Nadia,ntunesi9t@constantcontact.com
Mayo Clinic,B-,Gerry,gdwerryhouse9u@howstuffworks.com
John Hopkins Hospital,B+,Laurie,lmalpas9v@pbs.org
Cleveland Clinic,B+,Nananne,nhuggin9w@jimdo.com
Mayo Clinic,B-,Kippar,kmacduffie9x@reverbnation.com
Cleveland Clinic,O+,Sabine,stixier9y@usa.gov
John Hopkins Hospital,O-,Austin,amarking9z@hubpages.com
Cleveland Clinic,O-,Datha,dbeldhama0@yelp.com
John Hopkins Hospital,O+,Kylie,koclearya1@symantec.com
Cleveland Clinic,B+,Kenny,kmallana2@geocities.com
Cleveland Clinic,B-,Marnia,mhorsburgha3@sciencedaily.com
Mayo Clinic,A+,Pembroke,psaladina4@army.mil
Cleveland Clinic,A-,Alasteir,agrebera5@hp.com
Mayo Clinic,A-,Slade,svinaa6@auda.org.au
Cleveland Clinic,B+,Barry,bmcginlya7@vkontakte.ru
Cleveland Clinic,O+,Abigael,agrundera8@redcross.org
John Hopkins Hospital,O+,Stevy,saldricka9@dion.ne.jp
Cleveland Clinic,AB-,Mordecai,mnystromaa@arizona.edu
Cleveland Clinic,AB+,Gizela,ghamshawab@europa.eu
Cleveland Clinic,O-,Alvie,avasilyonokac@people.com.cn
John Hopkins Hospital,B-,Anderson,adootsonad@answers.com
Cleveland Clinic,AB+,Cam,centreisae@gov.uk
Mayo Clinic,A-,Kaylil,kderellaf@slate.com
Cleveland Clinic,O-,Philipa,pdanhelag@gov.uk
John Hopkins Hospital,A+,Brandice,bhogbinah@slashdot.org
Cleveland Clinic,A-,Kay,kdoddridgeai@hugedomains.com
Mayo Clinic,O-,Andy,adowseyaj@mayoclinic.com
Cleveland Clinic,AB-,Brandon,balwellak@is.gd
John Hopkins Hospital,AB-,Keen,kclueal@nydailynews.com
Cleveland Clinic,B-,Saundra,sjanikowskiam@lycos.com
Mayo Clinic,O+,Delcine,dstockellan@people.com.cn
Mayo Clinic,A+,August,awealdao@youtu.be
Mayo Clinic,AB+,Ranee,rsellenap@dot.gov
Cleveland Clinic,AB+,Tildy,tlangtonaq@google.com.hk
John Hopkins Hospital,B+,Rene,rnassyar@tamu.edu
Cleveland Clinic,A-,Anabel,apettigrewas@yolasite.com
Mayo Clinic,O+,Keenan,kschinettiat@last.fm
Mayo Clinic,AB+,Tracey,tgummau@ft.com
Cleveland Clinic,O-,Lorry,lmactimpanyav@moonfruit.com
John Hopkins Hospital,A-,Minerva,msiseyaw@360.cn
Mayo Clinic,AB-,Kellie,kdightonax@flavors.me
Cleveland Clinic,AB+,Dollie,dstairsay@amazon.co.uk
Cleveland Clinic,A+,Ronalda,rfolbiggaz@buzzfeed.com
John Hopkins Hospital,A-,Blithe,bmcnevinb0@google.com.hk
John Hopkins Hospital,AB+,Monroe,mbrisseaub1@foxnews.com
John Hopkins Hospital,A+,Verena,vhulburdb2@washington.edu
Mayo Clinic,B+,Martyn,mmacalessb3@cnbc.com
Cleveland Clinic,AB-,Sabine,segellb4@friendfeed.com
Cleveland Clinic,O-,Adolf,adurstonb5@desdev.cn
Cleveland Clinic,O-,Findlay,fclutterhamb6@linkedin.com
Cleveland Clinic,B-,Blondy,bbootonb7@csmonitor.com
Mayo Clinic,A-,Norby,noliverab8@sun.com
John Hopkins Hospital,B-,Cathryn,cscarisbrickb9@weebly.com
Cleveland Clinic,A+,Rupert,rprogerba@e-recht24.de
John Hopkins Hospital,AB-,Berty,bfitzerbb@shareasale.com
John Hopkins Hospital,B+,Melantha,mtroubridgebc@bravesites.com
Mayo Clinic,O+,Barnabe,bheavisidebd@delicious.com
Mayo Clinic,B+,Josias,jhebsonbe@nasa.gov
Cleveland Clinic,O+,Dacia,ddukelowbf@eepurl.com
Cleveland Clinic,AB-,Garwood,gsyddonbg@twitter.com
Mayo Clinic,A-,Hebert,hvallerbh@imageshack.us
Cleveland Clinic,A+,Chalmers,cdadgebi@cnn.com
John Hopkins Hospital,O+,Hildegarde,hprykebj@facebook.com
Cleveland Clinic,B+,Leroy,ldonnersbergbk@who.int
John Hopkins Hospital,B-,Maurice,mmacguirebl@who.int
Cleveland Clinic,O-,Aarika,ameccobm@youku.com
Cleveland Clinic,AB-,Verla,vtuffeybn@cmu.edu
Cleveland Clinic,A+,Pepito,pcornfordbo@studiopress.com
John Hopkins Hospital,B-,Gaultiero,gghilksbp@samsung.com
John Hopkins Hospital,B+,Meredithe,malywenbq@i2i.jp
Mayo Clinic,A+,Rosie,rscrivenorbr@geocities.com
Cleveland Clinic,O+,Ruperta,rbynertbs@google.com
John Hopkins Hospital,O-,Dorise,dholsallbt@usnews.com
Mayo Clinic,O-,Danit,djohnbu@redcross.org
John Hopkins Hospital,B+,Heath,hstollwerckbv@themeforest.net
Mayo Clinic,B+,Blythe,bconellybw@hatena.ne.jp
John Hopkins Hospital,A+,Alfi,aprattingtonbx@a8.net
Mayo Clinic,AB+,Fraze,fquintonby@engadget.com
John Hopkins Hospital,A-,Tiphanie,tagerskowbz@redcross.org
John Hopkins Hospital,B+,Cyril,cumbersc0@chron.com
Mayo Clinic,AB-,Moshe,mantonionic1@arizona.edu
John Hopkins Hospital,A-,Amii,afilyakovc2@reverbnation.com
John Hopkins Hospital,B+,Avigdor,abennettc3@narod.ru
Cleveland Clinic,A-,Aurie,afalconertaylorc4@weebly.com
Cleveland Clinic,O-,Spence,sbailc5@intel.com
Cleveland Clinic,AB+,Valentino,vesmondc6@zdnet.com
Cleveland Clinic,O-,Vladimir,vpresleyc7@purevolume.com
Mayo Clinic,B-,Twyla,tkivellec8@ca.gov
John Hopkins Hospital,A+,Madlen,mdenacampc9@acquirethisname.com
John Hopkins Hospital,AB-,Rudd,rmclenahanca@bbb.org
Cleveland Clinic,B+,Babb,bbranchettcb@craigslist.org
John Hopkins Hospital,AB-,Etheline,epotapczukcc@canalblog.com
Mayo Clinic,B-,Jocelin,jduseycd@youtu.be
John Hopkins Hospital,AB+,Josefa,jmcclunece@icq.com
Mayo Clinic,B+,Joyce,jwiggintoncf@skype.com
John Hopkins Hospital,A+,Dick,davrashincg@seattletimes.com
Cleveland Clinic,A+,Susann,smatchittch@vinaora.com
John Hopkins Hospital,AB-,Roobbie,rkubisci@forbes.com
Mayo Clinic,B+,Janene,jkirszcj@ihg.com
Mayo Clinic,AB-,Tynan,twalworcheck@phpbb.com
Mayo Clinic,A-,Lavinia,lgrumbridgecl@cbslocal.com
Mayo Clinic,AB+,Martelle,mhambribecm@buzzfeed.com
Mayo Clinic,O-,Ashil,agonzalezcn@google.ru
John Hopkins Hospital,AB-,Regan,rlabordeco@ibm.com
John Hopkins Hospital,O-,Paulita,pbolenscp@infoseek.co.jp
Cleveland Clinic,A+,Lonnie,lpolhillcq@sakura.ne.jp
Cleveland Clinic,AB-,Nap,ntrulockecr@cdc.gov
Mayo Clinic,A-,Sherrie,sgoadbiecs@gravatar.com
Mayo Clinic,B+,Kala,kcurnerct@msn.com
Cleveland Clinic,O-,Amber,arattercu@google.com.hk
John Hopkins Hospital,B+,Willow,whakonsencv@spiegel.de
Mayo Clinic,O-,Vere,vsalthousecw@slashdot.org
Cleveland Clinic,B+,Elinor,emarconecx@mediafire.com
Cleveland Clinic,O-,Neddy,nmulreancy@php.net
John Hopkins Hospital,O+,Obed,omarrowscz@cbc.ca
Mayo Clinic,O-,Karin,kazemard0@usnews.com
Cleveland Clinic,A-,Augie,alairdd1@amazon.com
Mayo Clinic,O-,Janean,jlindborgd2@dailymail.co.uk
Cleveland Clinic,AB+,Arne,asoppittd3@comcast.net
Cleveland Clinic,AB+,Libbie,lstudholmed4@globo.com
Mayo Clinic,B+,Terri-jo,tayrsd5@behance.net
John Hopkins Hospital,O+,Vin,vdohmannd6@tinyurl.com
John Hopkins Hospital,B+,Bronson,bmaidlowd7@opera.com
John Hopkins Hospital,B+,Auguste,ayashnovd8@nytimes.com
Cleveland Clinic,AB+,Swen,sallittd9@tinyurl.com
Cleveland Clinic,A+,Vanny,vthrelfallda@reddit.com
Mayo Clinic,A-,Monro,mbrixhamdb@examiner.com
Mayo Clinic,O+,Cathrine,csoppitdc@hp.com
John Hopkins Hospital,AB-,Caitlin,ckarolczykdd@arstechnica.com
Cleveland Clinic,A+,Matias,mgollardde@uiuc.edu
Cleveland Clinic,O-,Tina,tnerndf@slideshare.net
Mayo Clinic,O-,Eloisa,ehoveydg@delicious.com
Mayo Clinic,B-,Wendie,wmarquanddh@odnoklassniki.ru
John Hopkins Hospital,O+,Bonni,bwiggindi@dagondesign.com
Cleveland Clinic,AB-,Gasparo,gjobbinsdj@lycos.com
John Hopkins Hospital,AB-,Vanni,vkewleydk@squidoo.com
John Hopkins Hospital,AB+,Raffaello,rcarsdl@va.gov
John Hopkins Hospital,O+,Carmel,carmittdm@nydailynews.com
John Hopkins Hospital,O-,Tilly,tplanksdn@accuweather.com
John Hopkins Hospital,O-,Ealasaid,ehowlanddo@msn.com
John Hopkins Hospital,A-,Isidore,istanistretedp@yahoo.co.jp
Cleveland Clinic,AB+,Roslyn,rryottdq@pbs.org
Cleveland Clinic,O+,Kim,kparkynsdr@shop-pro.jp
Cleveland Clinic,AB-,Ree,raisbettds@marketwatch.com
Cleveland Clinic,B+,Tiphany,tstledgerdt@mediafire.com
Mayo Clinic,B-,Humberto,hbarracloughdu@joomla.org
John Hopkins Hospital,B+,Rheta,rgallarddv@lulu.com
John Hopkins Hospital,A-,Brig,bhobbertdw@xing.com
Cleveland Clinic,AB+,Krystyna,krofedx@microsoft.com
John Hopkins Hospital,A-,Mitch,mschimonekdy@google.nl
John Hopkins Hospital,A-,Beaufort,blondesboroughdz@ebay.com
Cleveland Clinic,O+,Rodge,rpridhame0@engadget.com
Mayo Clinic,B-,Zaneta,zperrise1@purevolume.com
Mayo Clinic,B+,Amy,asleightholmee2@edublogs.org
John Hopkins Hospital,B+,Tarah,tellare3@51.la
Mayo Clinic,AB-,Anderson,avuittete4@bravesites.com
Mayo Clinic,O+,Harriot,hbordere5@timesonline.co.uk
Mayo Clinic,A-,Ennis,erozete6@ted.com
Mayo Clinic,B-,Aurea,aflemente7@jugem.jp
Mayo Clinic,AB+,Glad,gcoltarte8@harvard.edu
Mayo Clinic,B+,Yard,ystudholmee9@telegraph.co.uk
John Hopkins Hospital,AB-,Luisa,ldanieliea@paypal.com
Cleveland Clinic,B-,Johna,jhaggerstoneb@naver.com
John Hopkins Hospital,A-,Anne-corinne,alowthorpeec@yahoo.com
John Hopkins Hospital,B+,Lenci,lgravenored@privacy.gov.au
Mayo Clinic,O-,Aloysia,asiveee@shutterfly.com
Mayo Clinic,O+,Esma,eperrynef@reddit.com
John Hopkins Hospital,A+,Humfried,hslaffordeg@twitpic.com
John Hopkins Hospital,B+,Jenda,jspellareh@forbes.com
John Hopkins Hospital,A+,Sibeal,smidnerei@independent.co.uk
Mayo Clinic,B+,Davon,dsneakerej@deviantart.com
Mayo Clinic,AB+,Bobette,bsiemantelek@1und1.de
John Hopkins Hospital,AB+,Melvin,mquarlessel@go.com
Mayo Clinic,A+,Nichols,nwasonem@gmpg.org
John Hopkins Hospital,AB+,Orly,obacchusen@archive.org
Cleveland Clinic,A-,Valery,vsoutherelleo@howstuffworks.com
John Hopkins Hospital,O+,Chaim,cblacklaweep@mit.edu
Mayo Clinic,AB+,Wyndham,wgoodshipeq@china.com.cn
John Hopkins Hospital,B+,Rozalin,rgrimer@dailymotion.com
John Hopkins Hospital,A-,Man,mamortes@arizona.edu
John Hopkins Hospital,B-,Shalne,sunsworthet@ca.gov
Cleveland Clinic,B+,Leticia,ljacobsseneu@sourceforge.net
Cleveland Clinic,A+,Dallon,dcecereev@weather.com
John Hopkins Hospital,O-,Rolland,rlegendreew@sakura.ne.jp
John Hopkins Hospital,O-,Shelagh,smcdaidex@narod.ru
John Hopkins Hospital,AB+,Isobel,icurcherey@typepad.com
John Hopkins Hospital,A+,Alphard,awolpertez@arizona.edu
Mayo Clinic,O-,Fraze,fcrampsyf0@over-blog.com
Mayo Clinic,AB-,Carol-jean,cetchellf1@histats.com
Mayo Clinic,O+,Garey,gbellenief2@vkontakte.ru
John Hopkins Hospital,AB-,Thorpe,tvanf3@utexas.edu
Cleveland Clinic,B-,Cati,cquincef4@uiuc.edu
John Hopkins Hospital,AB-,Silvano,swallbankf5@cocolog-nifty.com
Cleveland Clinic,O-,Candy,cformiglif6@businessweek.com
Cleveland Clinic,A+,Jori,jgairf7@psu.edu
John Hopkins Hospital,A-,Teresina,tinchboardf8@jiathis.com
Cleveland Clinic,A-,Ilyse,iatkinsf9@google.pl
Cleveland Clinic,A-,Stephana,snoteyoungfa@elegantthemes.com
Cleveland Clinic,AB+,Sari,sbabinfb@kickstarter.com
John Hopkins Hospital,AB-,Ricki,rcrecyfc@wordpress.org
Mayo Clinic,B-,Regen,rlunafd@go.com
John Hopkins Hospital,AB-,Wenonah,wvickarfe@businessinsider.com
Cleveland Clinic,A-,Reynard,rbygroveff@craigslist.org
John Hopkins Hospital,O+,Fons,fcaghanfg@php.net
Cleveland Clinic,AB+,Raynard,rpostillfh@google.ca
John Hopkins Hospital,O+,Blanca,bstitfallfi@senate.gov
Cleveland Clinic,B-,Brigham,bflaunierfj@creativecommons.org
Cleveland Clinic,B-,Tremain,triggulsfordfk@prlog.org
Cleveland Clinic,A+,Aile,aemsliefl@reddit.com
Mayo Clinic,AB-,Ram,rbimfm@plala.or.jp
John Hopkins Hospital,B-,Darn,dsalernofn@baidu.com
Mayo Clinic,O+,Tami,tpaynesfo@last.fm
Mayo Clinic,O-,Kalvin,kbaxstarefp@google.es
Cleveland Clinic,AB-,Adda,afeanderfq@e-recht24.de
Mayo Clinic,A+,Lin,lgarfootfr@tripod.com
Mayo Clinic,A-,Clo,cdegiorgifs@tripod.com
Mayo Clinic,O-,Korie,kcreaneft@ted.com
John Hopkins Hospital,O+,Allix,amccannyfu@ustream.tv
John Hopkins Hospital,AB-,Caritta,csplevingfv@uiuc.edu
John Hopkins Hospital,B-,Waneta,wringfw@dropbox.com
John Hopkins Hospital,B-,Connor,clangstonefx@quantcast.com
John Hopkins Hospital,O+,Lanny,lpawelekfy@cbc.ca
Mayo Clinic,AB+,Yetty,ykeanefz@disqus.com
John Hopkins Hospital,B+,Theda,tghiroldig0@phoca.cz
Mayo Clinic,AB+,Camella,cportamg1@newyorker.com
John Hopkins Hospital,A-,Aeriela,acolingg2@cargocollective.com
Cleveland Clinic,O+,Denny,dvansalzbergerg3@so-net.ne.jp
Cleveland Clinic,A-,Earvin,ecreedlandg4@bloomberg.com
John Hopkins Hospital,B-,Monro,mlazenburyg5@domainmarket.com
Mayo Clinic,B+,Demetra,dpapping6@businesswire.com
Mayo Clinic,A-,Essy,ehebrong7@taobao.com
Cleveland Clinic,O+,Agneta,ahargreavesg8@mediafire.com
John Hopkins Hospital,AB+,Katharine,kassafg9@army.mil
Mayo Clinic,O+,Pen,pstarmerga@youku.com
John Hopkins Hospital,A+,Niels,ngladechegb@constantcontact.com
Mayo Clinic,A-,Brig,bbirniegc@vinaora.com
Mayo Clinic,A-,Rubetta,rpayegd@theglobeandmail.com
Cleveland Clinic,A+,Donna,ddenslowge@google.fr
Mayo Clinic,O+,Aylmar,aoslergf@noaa.gov
Cleveland Clinic,B-,Andra,awhartongg@wordpress.org
Mayo Clinic,O-,David,dvearncombgh@vk.com
Cleveland Clinic,AB-,Loni,lworrillgi@chronoengine.com
Mayo Clinic,AB+,Sharai,sgauvingj@tumblr.com
John Hopkins Hospital,B+,Pascal,pschoffelgk@hatena.ne.jp
Mayo Clinic,O+,Erminia,epickrellgl@oracle.com
Cleveland Clinic,AB-,Dalton,dcropgm@behance.net
Mayo Clinic,AB+,Mari,mlitzmanngn@dailymail.co.uk
Cleveland Clinic,AB+,Hillery,hheerango@shinystat.com
John Hopkins Hospital,B-,Aksel,acollopgp@rakuten.co.jp
John Hopkins Hospital,A+,Ellary,eburkartgq@devhub.com
Mayo Clinic,A-,Guglielma,glesurfgr@naver.com
John Hopkins Hospital,B-,Hephzibah,hblacklawegs@51.la
John Hopkins Hospital,O-,Candace,ctowlsongt@chronoengine.com
Mayo Clinic,AB-,Corby,cmacneishgu@tripod.com
John Hopkins Hospital,B-,Lacy,lmillmoegv@livejournal.com
John Hopkins Hospital,O+,Hewe,hfaingw@wsj.com
Mayo Clinic,A+,Marlena,mpaolinelligx@phpbb.com
John Hopkins Hospital,AB-,Zeke,zbissikergy@baidu.com
Mayo Clinic,O-,Ely,eflewangz@economist.com
Mayo Clinic,O-,Jinny,jindeh0@networkadvertising.org
John Hopkins Hospital,AB-,Raine,rkiefh1@domainmarket.com
John Hopkins Hospital,B+,Leola,lstrathernh2@un.org
John Hopkins Hospital,AB-,Rachael,rdakhnoh3@etsy.com
John Hopkins Hospital,AB+,Colly,cgoldingh4@slate.com
Mayo Clinic,A+,Kathryne,kgearyh5@businessweek.com
Cleveland Clinic,B+,Debby,dbricklebankh6@booking.com
John Hopkins Hospital,B+,Sonja,smatyatinh7@soundcloud.com
Mayo Clinic,AB+,Wendeline,wroathh8@uiuc.edu
John Hopkins Hospital,A-,Priscella,phamleyh9@ucla.edu
Mayo Clinic,AB-,Flint,fterrazzoha@merriam-webster.com
Cleveland Clinic,A+,Ophelie,owalashb@omniture.com
John Hopkins Hospital,AB-,Barbara-anne,bwoodleyhc@bandcamp.com
John Hopkins Hospital,A-,Berton,bcoenraetshd@networkadvertising.org
John Hopkins Hospital,A-,Rance,rlinekerhe@squidoo.com
Cleveland Clinic,A-,Elly,eferdinandhf@businessinsider.com
Cleveland Clinic,AB-,Herbert,hsimekhg@dailymail.co.uk
John Hopkins Hospital,O+,Marlo,mblackallerhh@ibm.com
Mayo Clinic,AB+,Sebastiano,sdouchhi@mozilla.com
Cleveland Clinic,O-,Arleyne,aservicehj@weibo.com
Mayo Clinic,AB+,Zebulon,zbartalothk@1688.com
John Hopkins Hospital,AB-,Shel,sdomangehl@storify.com
Cleveland Clinic,B+,Papageno,phavvockhm@qq.com
John Hopkins Hospital,A+,Dani,dnareshn@cpanel.net
Mayo Clinic,B-,Aurelea,aviegasho@about.me
John Hopkins Hospital,B-,Guglielmo,gdeattahp@slashdot.org
Mayo Clinic,AB-,Bunny,brawdallhq@unc.edu
Cleveland Clinic,A+,Tremayne,truseworthhr@marketwatch.com
Mayo Clinic,A-,Hortense,hbrugmannhs@aol.com
Mayo Clinic,B+,Lionello,lbessantht@aol.com
John Hopkins Hospital,AB-,Archer,ateazhu@wordpress.com
John Hopkins Hospital,B-,Seumas,shaslinhv@wiley.com
John Hopkins Hospital,AB-,Coletta,channibalhw@smh.com.au
Cleveland Clinic,O-,Brewster,btucknotthx@scribd.com
Mayo Clinic,O-,Bruno,bdearlhy@1und1.de
Mayo Clinic,B-,Cybill,cpriestnerhz@exblog.jp
Mayo Clinic,O-,Ody,omynardi0@i2i.jp
Cleveland Clinic,AB+,Mia,mvedyaevi1@google.co.jp
Cleveland Clinic,B+,Alexa,adunsi2@alexa.com
John Hopkins Hospital,AB-,Birdie,bswettenhami3@live.com
Cleveland Clinic,AB+,Sibilla,sstaddeni4@hhs.gov
Mayo Clinic,O+,Annabella,ajoanaudi5@slashdot.org
Cleveland Clinic,B+,Emelyne,egarrowi6@bizjournals.com
Mayo Clinic,O+,Iris,ifigliovannii7@plala.or.jp
Mayo Clinic,AB-,Rois,rscottesmoori8@whitehouse.gov
Mayo Clinic,A-,Wandie,wboutwelli9@diigo.com
Cleveland Clinic,O+,Briggs,bmagrannellia@cbc.ca
Cleveland Clinic,O+,Averil,abuteib@4shared.com
Cleveland Clinic,A+,Latashia,libellic@comsenz.com
Cleveland Clinic,O+,Enrichetta,echessunid@jugem.jp
Mayo Clinic,A+,Gradey,gradkeie@alibaba.com
Mayo Clinic,B+,Portia,pclayworthif@tripod.com
Mayo Clinic,AB-,Megan,mbiaginiig@quantcast.com
Cleveland Clinic,AB-,Padget,pcharityih@admin.ch
Mayo Clinic,A-,Barry,bcottelii@discovery.com
Cleveland Clinic,O+,Ernaline,eabbsij@wordpress.org
John Hopkins Hospital,B+,Consalve,cbeynonik@liveinternet.ru
John Hopkins Hospital,AB-,Malchy,mpilfoldil@instagram.com
Mayo Clinic,O+,Sam,ssharplinim@unblog.fr
Cleveland Clinic,B-,Tommi,tishakiin@prnewswire.com
Mayo Clinic,B+,Ogden,othemlio@vk.com
Cleveland Clinic,B+,Xylia,xgeogheganip@indiatimes.com
John Hopkins Hospital,A-,Cassey,cpotteriq@webnode.com
Mayo Clinic,O+,Calypso,calfusoir@eventbrite.com
Mayo Clinic,AB+,Jayne,jbriatis@disqus.com
John Hopkins Hospital,A-,Fredi,fchristerit@shareasale.com
John Hopkins Hospital,O-,Nichol,nansilliu@fema.gov
Cleveland Clinic,A+,Haley,hascroftiv@reuters.com
Mayo Clinic,B+,Gottfried,gandrusoviw@sohu.com
John Hopkins Hospital,O-,Emmy,ewansburyix@independent.co.uk
John Hopkins Hospital,AB+,Elsi,etebbittiy@tamu.edu
Cleveland Clinic,A+,Tobi,tloudoniz@goo.gl
John Hopkins Hospital,A-,Dona,dvandendaelj0@parallels.com
Cleveland Clinic,A+,Agnes,amathonnetj1@reference.com
John Hopkins Hospital,AB-,Lisle,lsaunterj2@myspace.com
John Hopkins Hospital,A+,Rena,rfressonj3@ted.com
Mayo Clinic,A-,Sada,sivonsj4@google.com.br
Mayo Clinic,A+,Jermayne,jtilneyj5@reddit.com
John Hopkins Hospital,B+,Berkley,bcorserj6@npr.org
Cleveland Clinic,O-,Orel,ojorryj7@loc.gov
Cleveland Clinic,O-,Giffard,gmcgunleyj8@icio.us
Cleveland Clinic,AB+,Skye,sdelascyj9@berkeley.edu
John Hopkins Hospital,B+,Benoite,braitja@smugmug.com
Mayo Clinic,AB+,Madelene,mokelleherjb@china.com.cn
Mayo Clinic,O-,Guilbert,gmcgintyjc@noaa.gov
Cleveland Clinic,O+,Celestyn,cnylesjd@toplist.cz
Cleveland Clinic,A+,Rikki,rsimonetonje@github.io
Mayo Clinic,AB-,Katalin,kdoejf@uol.com.br
Cleveland Clinic,B+,Katy,krubanenkojg@google.com.br
Mayo Clinic,O+,Ellissa,epicklessjh@apple.com
Mayo Clinic,AB-,Tessie,tjamrowiczji@stumbleupon.com
Cleveland Clinic,O-,Brendan,beveringtonjj@fotki.com
Cleveland Clinic,O+,Bud,bmckinnajk@amazon.co.jp
Mayo Clinic,A-,Lauralee,lrodwayjl@symantec.com
Mayo Clinic,AB-,Clevie,cstringfellowjm@java.com
Cleveland Clinic,A+,Ricoriki,rsaylorjn@bizjournals.com
Cleveland Clinic,O+,Bendick,bpointjo@vinaora.com
Mayo Clinic,B-,Sheffie,sbulcroftjp@bing.com
Cleveland Clinic,AB+,Fay,fedgehilljq@amazon.de
Mayo Clinic,A+,Bibby,bouverjr@hugedomains.com
John Hopkins Hospital,AB+,D'arcy,dcockerilljs@adobe.com
Mayo Clinic,B+,Lorry,lmcwhirterjt@smh.com.au
Mayo Clinic,B+,Joachim,jrenoufju@umich.edu
John Hopkins Hospital,O+,Roanne,rhazeldenejv@mail.ru
John Hopkins Hospital,B+,Mattie,mjackettsjw@goo.ne.jp
Mayo Clinic,O+,Vincent,voldeyjx@mayoclinic.com
Mayo Clinic,O-,Nester,nlefevrejy@bloglines.com
John Hopkins Hospital,O-,Rachelle,ragarjz@amazon.co.uk
John Hopkins Hospital,B+,Maryl,moflahertyk0@yolasite.com
Mayo Clinic,AB-,Doris,dmegaheyk1@clickbank.net
John Hopkins Hospital,B-,Irita,ivasyanink2@imdb.com
Cleveland Clinic,B+,Nina,narnlik3@dmoz.org
Mayo Clinic,A+,Jeffy,jjanek4@studiopress.com
Mayo Clinic,B-,Janessa,jjeffersk5@seattletimes.com
Cleveland Clinic,AB+,Rosabelle,rsikorskik6@devhub.com
John Hopkins Hospital,O+,Georgeanne,gsiretk7@theatlantic.com
Cleveland Clinic,B+,Peria,pvakhonink8@e-recht24.de
Mayo Clinic,A+,Demetris,draigattk9@4shared.com
Mayo Clinic,A+,Elene,ecopinska@cpanel.net
John Hopkins Hospital,B+,Sile,svaseykb@phpbb.com
Cleveland Clinic,A-,Helen,hpfeufferkc@chicagotribune.com
John Hopkins Hospital,AB-,Rene,rgookkd@bloglovin.com
Cleveland Clinic,B+,Jacky,jtwineke@cisco.com
John Hopkins Hospital,O+,Benedikta,bgremainkf@webeden.co.uk
Mayo Clinic,B-,Amelie,atrollopekg@usnews.com
Cleveland Clinic,O+,Bud,beadmeadkh@go.com
John Hopkins Hospital,AB+,Rabbi,rflamentki@sciencedirect.com
Cleveland Clinic,A-,Aura,acastellacciokj@nationalgeographic.com
Mayo Clinic,B+,Rubie,rnesterkk@merriam-webster.com
John Hopkins Hospital,B+,Winny,wrumneykl@shinystat.com
John Hopkins Hospital,B-,Camellia,chouricankm@1und1.de
Mayo Clinic,O-,Nataline,nmacshirriekn@wiley.com
John Hopkins Hospital,O+,Margaret,mstrafenko@theglobeandmail.com
Mayo Clinic,AB-,Massimo,mdortonkp@miitbeian.gov.cn
Cleveland Clinic,A-,Gilbertine,gvandenveldekq@mozilla.org
Cleveland Clinic,O-,Jessa,jpoatkr@ebay.com
Mayo Clinic,A+,Erskine,emorlingks@google.com
Cleveland Clinic,B-,Truman,twhalekt@nasa.gov
Mayo Clinic,AB+,Pepe,pbrozssetku@google.co.uk
John Hopkins Hospital,O-,Iolande,isanderkv@tiny.cc
John Hopkins Hospital,A+,Diann,dgeraudykw@mtv.com
Mayo Clinic,B-,Arlena,aatlingkx@wiley.com
Cleveland Clinic,A-,Alvera,aboggonky@symantec.com
John Hopkins Hospital,AB-,Yolande,ybelchampkz@alibaba.com
Mayo Clinic,A+,Esmeralda,ebradberryl0@washington.edu
John Hopkins Hospital,A+,Tyrus,tscafel1@csmonitor.com
Cleveland Clinic,A-,Gavra,gdagnanl2@unblog.fr
Cleveland Clinic,O-,Drusilla,dsteffensl3@linkedin.com
Mayo Clinic,AB-,Oberon,okilfetherl4@webnode.com
Cleveland Clinic,AB-,Sollie,sbandl5@sun.com
John Hopkins Hospital,O+,Aurelea,aruddinl6@desdev.cn
John Hopkins Hospital,AB+,Spense,sbothiel7@phpbb.com
Mayo Clinic,O-,Barn,balldisl8@newyorker.com
John Hopkins Hospital,B+,Alana,alyonl9@independent.co.uk
John Hopkins Hospital,O-,Johnnie,jpowleyla@baidu.com
Cleveland Clinic,A+,Elisabet,ehinrichsenlb@gov.uk
John Hopkins Hospital,B-,Halette,hboolerlc@amazon.de
Cleveland Clinic,A-,Jeannie,jbullionld@army.mil
John Hopkins Hospital,AB-,Moyra,mcrimesle@infoseek.co.jp
Cleveland Clinic,A-,Philippa,pferrettinolf@imdb.com
John Hopkins Hospital,AB-,Tye,twinnylg@symantec.com
John Hopkins Hospital,A+,Moe,mthornthwaitelh@elegantthemes.com
Cleveland Clinic,A-,Gregoire,gteidemanli@cnet.com
Cleveland Clinic,AB+,Ulrike,uarmittlj@friendfeed.com
John Hopkins Hospital,A+,Kahlil,kriddellk@chicagotribune.com
Cleveland Clinic,O-,Bev,bseldnerll@cbc.ca
Mayo Clinic,AB+,Iona,ibiasionilm@1und1.de
Cleveland Clinic,AB+,Isaac,ijillettln@noaa.gov
John Hopkins Hospital,AB-,Colline,cgommerylo@bizjournals.com
Cleveland Clinic,A+,Gail,gsirrlp@dagondesign.com
Cleveland Clinic,O+,Basilio,bellandlq@marketwatch.com
Mayo Clinic,AB-,Ginny,gdunthornlr@surveymonkey.com
Mayo Clinic,AB-,Fredek,fmatyushkinls@vimeo.com
John Hopkins Hospital,B+,Corrianne,cjesticolt@washingtonpost.com
Cleveland Clinic,O+,Renata,rciceronelu@51.la
John Hopkins Hospital,AB+,Sylas,ssharplinglv@list-manage.com
Mayo Clinic,A-,Lissa,lservantelw@bing.com
John Hopkins Hospital,O-,Marilin,mkaselx@ask.com
John Hopkins Hospital,AB-,Hillier,hinnmanly@home.pl
Cleveland Clinic,B+,Michal,mhalleybonelz@wp.com
Cleveland Clinic,B+,Roselia,rheelism0@yahoo.co.jp
Cleveland Clinic,B+,Mirna,mpennycookm1@ft.com
Cleveland Clinic,O-,Chris,caldermanm2@salon.com
Cleveland Clinic,A+,Quintus,qgreirm3@exblog.jp
John Hopkins Hospital,AB+,Danit,dmacenellym4@nyu.edu
John Hopkins Hospital,B+,Addi,astalleym5@wisc.edu
Mayo Clinic,O+,Raine,rledgertonm6@alibaba.com
John Hopkins Hospital,AB+,Rusty,rpogem7@quantcast.com
Cleveland Clinic,O+,Uriah,umcgettiganm8@ustream.tv
Mayo Clinic,O-,Lynett,lbemwellm9@nps.gov
Cleveland Clinic,AB+,Floyd,fcaffreyma@addtoany.com
Mayo Clinic,O-,Janifer,jemilienmb@marriott.com
Mayo Clinic,O+,Cobbie,cmaphammc@phoca.cz
Cleveland Clinic,B-,Abdul,ashootermd@w3.org
John Hopkins Hospital,A+,Benjamen,bforcademe@shutterfly.com
John Hopkins Hospital,O+,Zacherie,zdaoutmf@jalbum.net
John Hopkins Hospital,B-,Ganny,gharlandmg@nyu.edu
Mayo Clinic,B-,Shea,snibleymh@nhs.uk
John Hopkins Hospital,A+,Maximilian,mchastelainmi@about.me
Cleveland Clinic,AB-,Rollo,rlugsdinmj@geocities.com
Mayo Clinic,AB+,Leora,llowymk@cnbc.com
Mayo Clinic,AB-,Edita,eifeml@livejournal.com
Mayo Clinic,A+,Amandi,apinneremm@macromedia.com
John Hopkins Hospital,B+,Leela,lwattingmn@gnu.org
Mayo Clinic,AB+,Marguerite,mburghermo@marketwatch.com
Mayo Clinic,A-,Titos,tbarnsleymp@whitehouse.gov
Mayo Clinic,O+,Nellie,nrimourmq@bigcartel.com
Cleveland Clinic,B-,Clark,ciacovuccimr@usatoday.com
Mayo Clinic,B+,Raquela,rmcartanms@ebay.com
Mayo Clinic,B-,Portie,pbamseymt@themeforest.net
Cleveland Clinic,AB+,Shell,sheggmu@intel.com
John Hopkins Hospital,A-,Renato,rdenisomv@home.pl
Cleveland Clinic,O-,Archambault,agoodsallmw@businessinsider.com
Mayo Clinic,B+,Brook,bkondratyukmx@phpbb.com
John Hopkins Hospital,AB-,Lonny,ljordimy@craigslist.org
Cleveland Clinic,AB+,Gunter,gflintoftmz@walmart.com
Cleveland Clinic,O-,Krissie,kvaunen0@telegraph.co.uk
Mayo Clinic,B+,Sly,sdavydochkinn1@buzzfeed.com
Cleveland Clinic,B-,Kath,kdearsleyn2@linkedin.com
Mayo Clinic,A+,Abby,ahenricssonn3@google.it
Mayo Clinic,O+,Antonietta,anettlesn4@ifeng.com
Mayo Clinic,AB-,Brittani,bdysartn5@youtu.be
John Hopkins Hospital,AB+,Shepard,sedworthyen6@webnode.com
Cleveland Clinic,A+,Rennie,rcoverdilln7@mediafire.com
Mayo Clinic,O-,D'arcy,dcadalledern8@gizmodo.com
Mayo Clinic,B+,Dal,dwillerstonen9@paginegialle.it
Cleveland Clinic,B+,Whitby,wlosbiena@reuters.com
John Hopkins Hospital,B+,Jodie,jonealnb@sciencedaily.com
John Hopkins Hospital,A-,Haleigh,hclercnc@vkontakte.ru
Mayo Clinic,A+,Hercule,hguenynd@cnbc.com
John Hopkins Hospital,B-,Auberta,ayablsleyne@cpanel.net
Cleveland Clinic,AB-,Tabby,tsmithernf@360.cn
Cleveland Clinic,AB-,Shandie,sspeedingng@lycos.com
Mayo Clinic,AB-,Myrvyn,mlougheadnh@devhub.com
Mayo Clinic,AB-,Martelle,mhuetsonni@oakley.com
Cleveland Clinic,A-,Vicki,vpetrashovnj@seattletimes.com
Mayo Clinic,AB-,Riki,rdrillingcourtnk@surveymonkey.com
John Hopkins Hospital,A+,Ross,rgreghnl@technorati.com
John Hopkins Hospital,A+,Tabbi,tlongeganm@craigslist.org
Mayo Clinic,B-,Lewes,lstiffkinsnn@hubpages.com
Mayo Clinic,B+,Vachel,vhubandno@nydailynews.com
Mayo Clinic,A-,Cam,cellesnp@canalblog.com
Mayo Clinic,O-,Kristi,kshearmurnq@usa.gov
John Hopkins Hospital,O+,Marcelle,mcrichmerenr@miitbeian.gov.cn
John Hopkins Hospital,AB+,Geordie,gproughtenns@dion.ne.jp
John Hopkins Hospital,A+,Lindsey,lcolisbent@shinystat.com
Cleveland Clinic,B-,Lorna,lmcgloughlinnu@joomla.org
Mayo Clinic,AB-,Joeann,jkrochmannnv@123-reg.co.uk
John Hopkins Hospital,A+,Adara,aholdronnw@mlb.com
Mayo Clinic,B-,Tova,tvictorynx@craigslist.org
John Hopkins Hospital,AB-,Barb,bmolesworthny@dot.gov
John Hopkins Hospital,A+,Saleem,smanshawnz@salon.com
Cleveland Clinic,B-,Lisabeth,lmellodeyo0@bravesites.com
Cleveland Clinic,AB+,Veronike,vlivingstono1@sakura.ne.jp
John Hopkins Hospital,AB-,Barclay,bfarlowo2@pen.io
Mayo Clinic,A+,Barnard,bvenouro3@foxnews.com
Cleveland Clinic,A+,Melinde,mgolsworthyo4@ning.com
Cleveland Clinic,O-,Josepha,jleedeso5@paypal.com
Mayo Clinic,B+,Katina,kivesono6@google.com.hk
Mayo Clinic,B+,Gradey,gthomasono7@accuweather.com
John Hopkins Hospital,O+,Barbara-anne,bsuddardso8@wufoo.com
John Hopkins Hospital,A+,Daryl,dphilippo9@dyndns.org
Cleveland Clinic,AB+,Tracey,tkeelinoa@ucoz.com
Mayo Clinic,A-,Ade,awadesonob@goo.gl
Mayo Clinic,O+,Tirrell,tbaggarleyoc@odnoklassniki.ru
Cleveland Clinic,A-,Sari,skynetonod@cargocollective.com
Mayo Clinic,O-,Nichol,nkleinhausoe@tuttocitta.it
John Hopkins Hospital,A-,Hedy,hbaniardof@dailymail.co.uk
Cleveland Clinic,A-,Audra,afitchettog@howstuffworks.com
Cleveland Clinic,B-,Patrizius,pmccoleoh@virginia.edu
Cleveland Clinic,AB-,Crissie,ccapronoi@ucoz.ru
Mayo Clinic,AB+,Cash,clinscottoj@lulu.com
Mayo Clinic,A+,Sax,squilliganok@eventbrite.com
Cleveland Clinic,A+,Shelba,sstanlakeol@auda.org.au
Cleveland Clinic,A-,Brendan,badolfom@time.com
Mayo Clinic,O+,Jessamyn,jkirkbrideon@berkeley.edu
Cleveland Clinic,B+,Chaddy,ctreugeoo@aol.com
Cleveland Clinic,A-,Garrick,gwoolensop@flickr.com
Mayo Clinic,AB+,Brooke,bskeatoq@about.me
John Hopkins Hospital,O+,Merrill,mcasselsor@theglobeandmail.com
John Hopkins Hospital,A+,Ron,rbraneos@rambler.ru
John Hopkins Hospital,AB+,Valenka,vbuttreyot@hexun.com
Cleveland Clinic,AB+,Aubrie,aciottoou@digg.com
John Hopkins Hospital,AB+,Lonee,ldooganov@examiner.com
Mayo Clinic,A-,Berenice,bgoodeow@jigsy.com
Cleveland Clinic,A+,Chelsae,cgrzeskowskiox@t.co
Mayo Clinic,B-,Esta,egeddisoy@chron.com
John Hopkins Hospital,AB-,Chery,clansdownoz@cisco.com
Cleveland Clinic,O+,Kalinda,kthatcherp0@amazon.co.jp
John Hopkins Hospital,A-,Orelee,obarnacloughp1@spiegel.de
John Hopkins Hospital,B+,Gardie,gpierrepontp2@unblog.fr
John Hopkins Hospital,B+,Shaun,sblibenp3@soup.io
Cleveland Clinic,O-,Bernadene,bmaddocksp4@4shared.com
Cleveland Clinic,AB+,Dino,dhazletonp5@shop-pro.jp
John Hopkins Hospital,AB+,Luciana,llynamp6@merriam-webster.com
Mayo Clinic,AB+,Jo,jdickinsp7@weebly.com
Cleveland Clinic,B-,Luciana,lbittenp8@myspace.com
Mayo Clinic,O-,Elfrida,ebetjep9@qq.com
Mayo Clinic,O+,Den,despiepa@umich.edu
Cleveland Clinic,AB+,Isabella,iburganpb@deliciousdays.com
Cleveland Clinic,A-,Pollyanna,psailpc@goo.ne.jp
Cleveland Clinic,O+,Ellerey,ekislingburypd@ibm.com
Mayo Clinic,AB+,Burch,bwalwoodpe@tripod.com
Mayo Clinic,O+,Ellen,earmittpf@msu.edu
John Hopkins Hospital,B+,De witt,dgennpg@newyorker.com
John Hopkins Hospital,AB-,Arte,alongegaph@sun.com
John Hopkins Hospital,B+,Cy,cbaynampi@youtu.be
John Hopkins Hospital,B+,Kitty,kyglesiaspj@smugmug.com
Cleveland Clinic,AB-,Blinny,bsaywoodpk@seesaa.net
Mayo Clinic,AB+,Sheelagh,sbarberypl@samsung.com
Mayo Clinic,A-,Joelly,jschaumakerpm@bandcamp.com
John Hopkins Hospital,O-,Millard,mpockepn@netlog.com
Mayo Clinic,A+,Fallon,fflochpo@tmall.com
Cleveland Clinic,AB+,Phaedra,pbaffinpp@163.com
Mayo Clinic,A+,Ardith,amcvicarpq@amazon.com
Cleveland Clinic,O+,Del,dmethpr@deliciousdays.com
Cleveland Clinic,B+,Arty,apudseyps@fotki.com
Cleveland Clinic,A+,Anya,aloftiept@weibo.com
Cleveland Clinic,B-,Shaun,sdelaundepu@ucsd.edu
Mayo Clinic,A+,Dodi,dackerypv@uiuc.edu
Mayo Clinic,AB-,Jo-anne,jlilbournepw@cocolog-nifty.com
John Hopkins Hospital,O+,Austina,aeddiespx@utexas.edu
Mayo Clinic,B-,Farr,fturbernpy@dropbox.com
Cleveland Clinic,O+,York,yconkiepz@bizjournals.com
Cleveland Clinic,B+,Freddie,fghilksq0@whitehouse.gov
Mayo Clinic,O-,Waverly,wsandcraftq1@mozilla.com
Cleveland Clinic,O+,Vale,vfosseq2@spotify.com
Cleveland Clinic,B+,Winny,waltiq3@marketwatch.com
John Hopkins Hospital,O+,Siobhan,sscaseq4@harvard.edu
John Hopkins Hospital,B+,Miran,malwinq5@rediff.com
Cleveland Clinic,B-,Leoline,lcawsyq6@furl.net
Cleveland Clinic,A+,Bronson,bjuorioq7@myspace.com
John Hopkins Hospital,B-,Glynnis,gmackenq8@hud.gov
Cleveland Clinic,AB+,Imogen,istenettq9@bloglines.com
Cleveland Clinic,B+,Annabella,aheazelqa@wunderground.com
Cleveland Clinic,O-,Phylis,promanettiqb@surveymonkey.com
Mayo Clinic,A+,Carleton,cnewensqc@rediff.com
Mayo Clinic,AB-,Way,wbainesqd@cisco.com
Cleveland Clinic,B+,Tore,torrahqe@bloglovin.com
Mayo Clinic,B+,Maximilianus,mchittemqf@uol.com.br
John Hopkins Hospital,O-,Sascha,sstanfieldqg@msn.com
John Hopkins Hospital,O-,Aindrea,awildsqh@drupal.org
John Hopkins Hospital,B+,Donia,dtonsleyqi@mozilla.org
John Hopkins Hospital,A-,Giovanni,gduberyqj@rakuten.co.jp
Cleveland Clinic,O-,Ivar,iespadaterqk@apache.org
Cleveland Clinic,O-,Stafford,sarmsdenql@sitemeter.com
John Hopkins Hospital,A+,Leonerd,lbabbidgeqm@alibaba.com
John Hopkins Hospital,AB-,Beret,btallquistqn@bbc.co.uk
John Hopkins Hospital,AB+,Warden,wdoddqo@auda.org.au
John Hopkins Hospital,AB+,Demetra,dharnorqp@nih.gov
Cleveland Clinic,O-,Patin,pstigerqq@netlog.com
John Hopkins Hospital,A-,Giselle,gtaverinerqr@state.gov
John Hopkins Hospital,AB-,Rochester,rcultchethqs@si.edu
Mayo Clinic,A-,Dniren,dbrekonridgeqt@nyu.edu
John Hopkins Hospital,A-,Maynard,mstapforthqu@pen.io
Cleveland Clinic,O-,Krissy,kkhominqv@virginia.edu
Cleveland Clinic,A+,Katalin,kmoggieqw@ca.gov
Cleveland Clinic,O-,Geralda,gjuppeqx@gov.uk
Cleveland Clinic,A-,Roseline,rhatherellqy@liveinternet.ru
Cleveland Clinic,AB+,Horton,hofenqz@cargocollective.com
Cleveland Clinic,B+,Gabby,gweighr0@utexas.edu
Mayo Clinic,O+,Lurlene,lgirtonr1@nytimes.com
John Hopkins Hospital,AB+,Bird,btarter2@arizona.edu
John Hopkins Hospital,B-,Leia,lcluneyr3@cbc.ca
Cleveland Clinic,AB+,Malinde,mbrunkerr4@yandex.ru
Cleveland Clinic,A-,Rodina,rsnodayr5@ucoz.ru
Cleveland Clinic,AB-,Oswell,otruscottr6@indiegogo.com
John Hopkins Hospital,B-,Corrie,ctoplisr7@cocolog-nifty.com
John Hopkins Hospital,O-,Reggis,rsaddingtonr8@nymag.com
John Hopkins Hospital,A-,Victor,vleonarder9@mail.ru
Mayo Clinic,A-,Basia,btumilityra@amazon.co.jp
John Hopkins Hospital,AB-,Garrard,gsalernorb@csmonitor.com
Mayo Clinic,B+,Glenda,gkinkerrc@accuweather.com
Mayo Clinic,O+,Nial,nbarbyrd@sitemeter.com
John Hopkins Hospital,AB+,Evan,eadlingtonre@ca.gov
John Hopkins Hospital,B-,Trudie,tlentschrf@theglobeandmail.com
John Hopkins Hospital,AB-,Winne,wduredenrg@gov.uk
Cleveland Clinic,A-,Coral,ctaylourrh@ucsd.edu
Mayo Clinic,O+,Maryann,mreadwinri@soup.io
Mayo Clinic,AB+,Maryjane,mseebrightrj@ask.com
John Hopkins Hospital,B+,Chad,cpiggotrk@instagram.com
John Hopkins Hospital,A+,Claudette,clevenerl@smh.com.au
John Hopkins Hospital,O+,Ramonda,rprimorm@feedburner.com
Cleveland Clinic,AB+,Amabelle,afarrearrn@tmall.com
John Hopkins Hospital,O+,Caria,cyggoro@seesaa.net
John Hopkins Hospital,B+,Reilly,rstederp@google.com
John Hopkins Hospital,A-,Benni,bminchintonrq@diigo.com
John Hopkins Hospital,B+,Peggi,psimsrr@amazon.com
